2026/06/22-23:12:36.690315 8ce0 RocksDB version: 8.8.1
2026/06/22-23:12:36.690434 8ce0 Git sha 986b8b9f20893dec811d8ecdb97b6a47f20d322d
2026/06/22-23:12:36.690462 8ce0 Compile date 2023-11-23 10:47:11
2026/06/22-23:12:36.690475 8ce0 DB SUMMARY
2026/06/22-23:12:36.690490 8ce0 Host name (Env):  DESKTOP-9H1CV7U
2026/06/22-23:12:36.690502 8ce0 DB Session ID:  N0ECBQWR1BKC4Y19D9AT
2026/06/22-23:12:36.691324 8ce0 CURRENT file:  CURRENT
2026/06/22-23:12:36.691370 8ce0 IDENTITY file:  IDENTITY
2026/06/22-23:12:36.691452 8ce0 MANIFEST file:  MANIFEST-000029 size: 923 Bytes
2026/06/22-23:12:36.691471 8ce0 SST files in C:\Users\ASUS\IdeaProjects\library_system\nacos\data\protocol\raft\naming_persistent_service_v2\log dir, Total Num: 8, files: 000008.sst 000009.sst 000014.sst 000015.sst 000020.sst 000021.sst 000026.sst 000027.sst 
2026/06/22-23:12:36.692056 8ce0 Write Ahead Log file in C:\Users\ASUS\IdeaProjects\library_system\nacos\data\protocol\raft\naming_persistent_service_v2\log: 000028.log size: 191 ; 
2026/06/22-23:12:36.692080 8ce0                         Options.error_if_exists: 0
2026/06/22-23:12:36.692089 8ce0                       Options.create_if_missing: 1
2026/06/22-23:12:36.692096 8ce0                         Options.paranoid_checks: 1
2026/06/22-23:12:36.692102 8ce0             Options.flush_verify_memtable_count: 1
2026/06/22-23:12:36.692108 8ce0          Options.compaction_verify_record_count: 1
2026/06/22-23:12:36.692113 8ce0                               Options.track_and_verify_wals_in_manifest: 0
2026/06/22-23:12:36.692120 8ce0        Options.verify_sst_unique_id_in_manifest: 1
2026/06/22-23:12:36.692125 8ce0                                     Options.env: 000001B9DE49BD30
2026/06/22-23:12:36.692132 8ce0                                      Options.fs: WinFS
2026/06/22-23:12:36.692138 8ce0                                Options.info_log: 000001B9E3521760
2026/06/22-23:12:36.692144 8ce0                Options.max_file_opening_threads: 16
2026/06/22-23:12:36.692151 8ce0                              Options.statistics: 000001B9DEE97650
2026/06/22-23:12:36.692157 8ce0                              Options.statistics stats level: 3
2026/06/22-23:12:36.692164 8ce0                               Options.use_fsync: 0
2026/06/22-23:12:36.692170 8ce0                       Options.max_log_file_size: 0
2026/06/22-23:12:36.692176 8ce0                  Options.max_manifest_file_size: 1073741824
2026/06/22-23:12:36.692182 8ce0                   Options.log_file_time_to_roll: 0
2026/06/22-23:12:36.692188 8ce0                       Options.keep_log_file_num: 100
2026/06/22-23:12:36.692195 8ce0                    Options.recycle_log_file_num: 0
2026/06/22-23:12:36.692201 8ce0                         Options.allow_fallocate: 1
2026/06/22-23:12:36.692207 8ce0                        Options.allow_mmap_reads: 0
2026/06/22-23:12:36.692213 8ce0                       Options.allow_mmap_writes: 0
2026/06/22-23:12:36.692219 8ce0                        Options.use_direct_reads: 0
2026/06/22-23:12:36.692226 8ce0                        Options.use_direct_io_for_flush_and_compaction: 0
2026/06/22-23:12:36.692232 8ce0          Options.create_missing_column_families: 1
2026/06/22-23:12:36.692238 8ce0                              Options.db_log_dir: 
2026/06/22-23:12:36.692244 8ce0                                 Options.wal_dir: 
2026/06/22-23:12:36.692251 8ce0                Options.table_cache_numshardbits: 6
2026/06/22-23:12:36.692257 8ce0                         Options.WAL_ttl_seconds: 0
2026/06/22-23:12:36.692263 8ce0                       Options.WAL_size_limit_MB: 0
2026/06/22-23:12:36.692270 8ce0                        Options.max_write_batch_group_size_bytes: 1048576
2026/06/22-23:12:36.692276 8ce0             Options.manifest_preallocation_size: 4194304
2026/06/22-23:12:36.692282 8ce0                     Options.is_fd_close_on_exec: 1
2026/06/22-23:12:36.692288 8ce0                   Options.advise_random_on_open: 1
2026/06/22-23:12:36.692295 8ce0                    Options.db_write_buffer_size: 0
2026/06/22-23:12:36.692301 8ce0                    Options.write_buffer_manager: 000001B9E13B0690
2026/06/22-23:12:36.692372 8ce0         Options.access_hint_on_compaction_start: 1
2026/06/22-23:12:36.692384 8ce0           Options.random_access_max_buffer_size: 1048576
2026/06/22-23:12:36.692391 8ce0                      Options.use_adaptive_mutex: 0
2026/06/22-23:12:36.692397 8ce0                            Options.rate_limiter: 0000000000000000
2026/06/22-23:12:36.692405 8ce0     Options.sst_file_manager.rate_bytes_per_sec: 0
2026/06/22-23:12:36.692411 8ce0                       Options.wal_recovery_mode: 2
2026/06/22-23:12:36.692417 8ce0                  Options.enable_thread_tracking: 0
2026/06/22-23:12:36.692423 8ce0                  Options.enable_pipelined_write: 0
2026/06/22-23:12:36.692430 8ce0                  Options.unordered_write: 0
2026/06/22-23:12:36.692436 8ce0         Options.allow_concurrent_memtable_write: 1
2026/06/22-23:12:36.692443 8ce0      Options.enable_write_thread_adaptive_yield: 1
2026/06/22-23:12:36.692449 8ce0             Options.write_thread_max_yield_usec: 100
2026/06/22-23:12:36.692455 8ce0            Options.write_thread_slow_yield_usec: 3
2026/06/22-23:12:36.692461 8ce0                               Options.row_cache: None
2026/06/22-23:12:36.692468 8ce0                              Options.wal_filter: None
2026/06/22-23:12:36.692474 8ce0             Options.avoid_flush_during_recovery: 0
2026/06/22-23:12:36.692480 8ce0             Options.allow_ingest_behind: 0
2026/06/22-23:12:36.692486 8ce0             Options.two_write_queues: 0
2026/06/22-23:12:36.692492 8ce0             Options.manual_wal_flush: 0
2026/06/22-23:12:36.692499 8ce0             Options.wal_compression: 0
2026/06/22-23:12:36.692505 8ce0             Options.atomic_flush: 0
2026/06/22-23:12:36.692511 8ce0             Options.avoid_unnecessary_blocking_io: 0
2026/06/22-23:12:36.692517 8ce0                 Options.persist_stats_to_disk: 0
2026/06/22-23:12:36.692523 8ce0                 Options.write_dbid_to_manifest: 0
2026/06/22-23:12:36.692529 8ce0                 Options.log_readahead_size: 0
2026/06/22-23:12:36.692535 8ce0                 Options.file_checksum_gen_factory: Unknown
2026/06/22-23:12:36.692541 8ce0                 Options.best_efforts_recovery: 0
2026/06/22-23:12:36.692547 8ce0                Options.max_bgerror_resume_count: 2147483647
2026/06/22-23:12:36.692554 8ce0            Options.bgerror_resume_retry_interval: 1000000
2026/06/22-23:12:36.692560 8ce0             Options.allow_data_in_errors: 0
2026/06/22-23:12:36.692566 8ce0             Options.db_host_id: __hostname__
2026/06/22-23:12:36.692572 8ce0             Options.enforce_single_del_contracts: true
2026/06/22-23:12:36.692578 8ce0             Options.max_background_jobs: 2
2026/06/22-23:12:36.692584 8ce0             Options.max_background_compactions: -1
2026/06/22-23:12:36.692591 8ce0             Options.max_subcompactions: 1
2026/06/22-23:12:36.692597 8ce0             Options.avoid_flush_during_shutdown: 0
2026/06/22-23:12:36.692603 8ce0           Options.writable_file_max_buffer_size: 1048576
2026/06/22-23:12:36.692609 8ce0             Options.delayed_write_rate : 16777216
2026/06/22-23:12:36.692616 8ce0             Options.max_total_wal_size: 1073741824
2026/06/22-23:12:36.692622 8ce0             Options.delete_obsolete_files_period_micros: 21600000000
2026/06/22-23:12:36.692628 8ce0                   Options.stats_dump_period_sec: 600
2026/06/22-23:12:36.692634 8ce0                 Options.stats_persist_period_sec: 600
2026/06/22-23:12:36.692641 8ce0                 Options.stats_history_buffer_size: 1048576
2026/06/22-23:12:36.692647 8ce0                          Options.max_open_files: -1
2026/06/22-23:12:36.692653 8ce0                          Options.bytes_per_sync: 0
2026/06/22-23:12:36.692660 8ce0                      Options.wal_bytes_per_sync: 0
2026/06/22-23:12:36.692666 8ce0                   Options.strict_bytes_per_sync: 0
2026/06/22-23:12:36.692672 8ce0       Options.compaction_readahead_size: 2097152
2026/06/22-23:12:36.692678 8ce0                  Options.max_background_flushes: -1
2026/06/22-23:12:36.692741 8ce0 Options.daily_offpeak_time_utc: 
2026/06/22-23:12:36.692753 8ce0 Compression algorithms supported:
2026/06/22-23:12:36.692760 8ce0 	kZSTD supported: 1
2026/06/22-23:12:36.692766 8ce0 	kSnappyCompression supported: 1
2026/06/22-23:12:36.692772 8ce0 	kBZip2Compression supported: 0
2026/06/22-23:12:36.692779 8ce0 	kZlibCompression supported: 1
2026/06/22-23:12:36.692785 8ce0 	kLZ4Compression supported: 1
2026/06/22-23:12:36.692791 8ce0 	kXpressCompression supported: 0
2026/06/22-23:12:36.692798 8ce0 	kLZ4HCCompression supported: 1
2026/06/22-23:12:36.692805 8ce0 	kZSTDNotFinalCompression supported: 1
2026/06/22-23:12:36.692814 8ce0 Fast CRC32 supported: Not supported on x86
2026/06/22-23:12:36.692821 8ce0 DMutex implementation: std::mutex
2026/06/22-23:12:36.694461 8ce0 [db\version_set.cc:5906] Recovering from manifest file: C:\Users\ASUS\IdeaProjects\library_system\nacos\data\protocol\raft\naming_persistent_service_v2\log/MANIFEST-000029
2026/06/22-23:12:36.694704 8ce0 [db\column_family.cc:618] --------------- Options for column family [default]:
2026/06/22-23:12:36.694723 8ce0               Options.comparator: leveldb.BytewiseComparator
2026/06/22-23:12:36.694731 8ce0           Options.merge_operator: StringAppendOperator
2026/06/22-23:12:36.694737 8ce0        Options.compaction_filter: None
2026/06/22-23:12:36.694743 8ce0        Options.compaction_filter_factory: None
2026/06/22-23:12:36.694750 8ce0  Options.sst_partitioner_factory: None
2026/06/22-23:12:36.694757 8ce0         Options.memtable_factory: SkipListFactory
2026/06/22-23:12:36.694764 8ce0            Options.table_factory: BlockBasedTable
2026/06/22-23:12:36.694802 8ce0            table_factory options:   flush_block_policy_factory: FlushBlockBySizePolicyFactory (000001B9E3E1F690)
  cache_index_and_filter_blocks: 0
  cache_index_and_filter_blocks_with_high_priority: 1
  pin_l0_filter_and_index_blocks_in_cache: 1
  pin_top_level_index_and_filter: 1
  index_type: 2
  data_block_index_type: 0
  index_shortening: 1
  data_block_hash_table_util_ratio: 0.750000
  checksum: 4
  no_block_cache: 0
  block_cache: 000001B9E13AF020
  block_cache_name: LRUCache
  block_cache_options:
    capacity : 8388608
    num_shard_bits : 4
    strict_capacity_limit : 0
    memory_allocator : None
    high_pri_pool_ratio: 0.500
    low_pri_pool_ratio: 0.000
  persistent_cache: 0000000000000000
  block_size: 4096
  block_size_deviation: 10
  block_restart_interval: 16
  index_block_restart_interval: 1
  metadata_block_size: 8192
  partition_filters: 1
  use_delta_encoding: 1
  filter_policy: nullptr
  whole_key_filtering: 1
  verify_compression: 0
  read_amp_bytes_per_bit: 0
  format_version: 5
  enable_index_compression: 1
  block_align: 0
  max_auto_readahead_size: 262144
  prepopulate_block_cache: 0
  initial_auto_readahead_size: 8192
  num_file_reads_for_auto_readahead: 2
2026/06/22-23:12:36.694811 8ce0        Options.write_buffer_size: 67108864
2026/06/22-23:12:36.694817 8ce0  Options.max_write_buffer_number: 3
2026/06/22-23:12:36.694824 8ce0          Options.compression: Snappy
2026/06/22-23:12:36.694830 8ce0                  Options.bottommost_compression: Disabled
2026/06/22-23:12:36.694837 8ce0       Options.prefix_extractor: rocksdb.FixedPrefix
2026/06/22-23:12:36.694843 8ce0   Options.memtable_insert_with_hint_prefix_extractor: nullptr
2026/06/22-23:12:36.694849 8ce0             Options.num_levels: 7
2026/06/22-23:12:36.694856 8ce0        Options.min_write_buffer_number_to_merge: 1
2026/06/22-23:12:36.694864 8ce0     Options.max_write_buffer_number_to_maintain: 0
2026/06/22-23:12:36.694870 8ce0     Options.max_write_buffer_size_to_maintain: 0
2026/06/22-23:12:36.694878 8ce0            Options.bottommost_compression_opts.window_bits: -14
2026/06/22-23:12:36.694885 8ce0                  Options.bottommost_compression_opts.level: 32767
2026/06/22-23:12:36.694893 8ce0               Options.bottommost_compression_opts.strategy: 0
2026/06/22-23:12:36.694900 8ce0         Options.bottommost_compression_opts.max_dict_bytes: 0
2026/06/22-23:12:36.694906 8ce0         Options.bottommost_compression_opts.zstd_max_train_bytes: 0
2026/06/22-23:12:36.694920 8ce0         Options.bottommost_compression_opts.parallel_threads: 1
2026/06/22-23:12:36.694928 8ce0                  Options.bottommost_compression_opts.enabled: false
2026/06/22-23:12:36.694935 8ce0         Options.bottommost_compression_opts.max_dict_buffer_bytes: 0
2026/06/22-23:12:36.694941 8ce0         Options.bottommost_compression_opts.use_zstd_dict_trainer: true
2026/06/22-23:12:36.694947 8ce0            Options.compression_opts.window_bits: -14
2026/06/22-23:12:36.694953 8ce0                  Options.compression_opts.level: 32767
2026/06/22-23:12:36.694960 8ce0               Options.compression_opts.strategy: 0
2026/06/22-23:12:36.694966 8ce0         Options.compression_opts.max_dict_bytes: 0
2026/06/22-23:12:36.694972 8ce0         Options.compression_opts.zstd_max_train_bytes: 0
2026/06/22-23:12:36.694978 8ce0         Options.compression_opts.use_zstd_dict_trainer: true
2026/06/22-23:12:36.694985 8ce0         Options.compression_opts.parallel_threads: 1
2026/06/22-23:12:36.694991 8ce0                  Options.compression_opts.enabled: false
2026/06/22-23:12:36.694997 8ce0         Options.compression_opts.max_dict_buffer_bytes: 0
2026/06/22-23:12:36.695003 8ce0      Options.level0_file_num_compaction_trigger: 10
2026/06/22-23:12:36.695009 8ce0          Options.level0_slowdown_writes_trigger: 20
2026/06/22-23:12:36.695015 8ce0              Options.level0_stop_writes_trigger: 40
2026/06/22-23:12:36.695022 8ce0                   Options.target_file_size_base: 67108864
2026/06/22-23:12:36.695028 8ce0             Options.target_file_size_multiplier: 1
2026/06/22-23:12:36.695034 8ce0                Options.max_bytes_for_level_base: 536870912
2026/06/22-23:12:36.695040 8ce0 Options.level_compaction_dynamic_level_bytes: 1
2026/06/22-23:12:36.695046 8ce0          Options.max_bytes_for_level_multiplier: 10.000000
2026/06/22-23:12:36.695054 8ce0 Options.max_bytes_for_level_multiplier_addtl[0]: 1
2026/06/22-23:12:36.695061 8ce0 Options.max_bytes_for_level_multiplier_addtl[1]: 1
2026/06/22-23:12:36.695067 8ce0 Options.max_bytes_for_level_multiplier_addtl[2]: 1
2026/06/22-23:12:36.695073 8ce0 Options.max_bytes_for_level_multiplier_addtl[3]: 1
2026/06/22-23:12:36.695080 8ce0 Options.max_bytes_for_level_multiplier_addtl[4]: 1
2026/06/22-23:12:36.695086 8ce0 Options.max_bytes_for_level_multiplier_addtl[5]: 1
2026/06/22-23:12:36.695092 8ce0 Options.max_bytes_for_level_multiplier_addtl[6]: 1
2026/06/22-23:12:36.695099 8ce0       Options.max_sequential_skip_in_iterations: 8
2026/06/22-23:12:36.695105 8ce0                    Options.max_compaction_bytes: 1677721600
2026/06/22-23:12:36.695111 8ce0   Options.ignore_max_compaction_bytes_for_input: true
2026/06/22-23:12:36.695118 8ce0                        Options.arena_block_size: 1048576
2026/06/22-23:12:36.695124 8ce0   Options.soft_pending_compaction_bytes_limit: 68719476736
2026/06/22-23:12:36.695130 8ce0   Options.hard_pending_compaction_bytes_limit: 274877906944
2026/06/22-23:12:36.695136 8ce0                Options.disable_auto_compactions: 0
2026/06/22-23:12:36.695144 8ce0                        Options.compaction_style: kCompactionStyleLevel
2026/06/22-23:12:36.695151 8ce0                          Options.compaction_pri: kMinOverlappingRatio
2026/06/22-23:12:36.695157 8ce0 Options.compaction_options_universal.size_ratio: 1
2026/06/22-23:12:36.695164 8ce0 Options.compaction_options_universal.min_merge_width: 2
2026/06/22-23:12:36.695170 8ce0 Options.compaction_options_universal.max_merge_width: 4294967295
2026/06/22-23:12:36.695177 8ce0 Options.compaction_options_universal.max_size_amplification_percent: 200
2026/06/22-23:12:36.695183 8ce0 Options.compaction_options_universal.compression_size_percent: -1
2026/06/22-23:12:36.695190 8ce0 Options.compaction_options_universal.stop_style: kCompactionStopStyleTotalSize
2026/06/22-23:12:36.695196 8ce0 Options.compaction_options_fifo.max_table_files_size: 1073741824
2026/06/22-23:12:36.695203 8ce0 Options.compaction_options_fifo.allow_compaction: 0
2026/06/22-23:12:36.695285 8ce0                   Options.table_properties_collectors: 
2026/06/22-23:12:36.695297 8ce0                   Options.inplace_update_support: 0
2026/06/22-23:12:36.695304 8ce0                 Options.inplace_update_num_locks: 10000
2026/06/22-23:12:36.695310 8ce0               Options.memtable_prefix_bloom_size_ratio: 0.125000
2026/06/22-23:12:36.695317 8ce0               Options.memtable_whole_key_filtering: 0
2026/06/22-23:12:36.695324 8ce0   Options.memtable_huge_page_size: 0
2026/06/22-23:12:36.695330 8ce0                           Options.bloom_locality: 0
2026/06/22-23:12:36.695336 8ce0                    Options.max_successive_merges: 0
2026/06/22-23:12:36.695342 8ce0                Options.optimize_filters_for_hits: 0
2026/06/22-23:12:36.695348 8ce0                Options.paranoid_file_checks: 0
2026/06/22-23:12:36.695354 8ce0                Options.force_consistency_checks: 1
2026/06/22-23:12:36.695360 8ce0                Options.report_bg_io_stats: 0
2026/06/22-23:12:36.695366 8ce0                               Options.ttl: 2592000
2026/06/22-23:12:36.695373 8ce0          Options.periodic_compaction_seconds: 0
2026/06/22-23:12:36.695379 8ce0                        Options.default_temperature: kUnknown
2026/06/22-23:12:36.695386 8ce0  Options.preclude_last_level_data_seconds: 0
2026/06/22-23:12:36.695392 8ce0    Options.preserve_internal_time_seconds: 0
2026/06/22-23:12:36.695398 8ce0                       Options.enable_blob_files: false
2026/06/22-23:12:36.695404 8ce0                           Options.min_blob_size: 0
2026/06/22-23:12:36.695410 8ce0                          Options.blob_file_size: 268435456
2026/06/22-23:12:36.695417 8ce0                   Options.blob_compression_type: NoCompression
2026/06/22-23:12:36.695423 8ce0          Options.enable_blob_garbage_collection: false
2026/06/22-23:12:36.695429 8ce0      Options.blob_garbage_collection_age_cutoff: 0.250000
2026/06/22-23:12:36.695436 8ce0 Options.blob_garbage_collection_force_threshold: 1.000000
2026/06/22-23:12:36.695443 8ce0          Options.blob_compaction_readahead_size: 0
2026/06/22-23:12:36.695449 8ce0                Options.blob_file_starting_level: 0
2026/06/22-23:12:36.695456 8ce0         Options.experimental_mempurge_threshold: 0.000000
2026/06/22-23:12:36.695463 8ce0            Options.memtable_max_range_deletions: 0
2026/06/22-23:12:36.699830 8ce0 [db\column_family.cc:618] --------------- Options for column family [Configuration]:
2026/06/22-23:12:36.699865 8ce0               Options.comparator: leveldb.BytewiseComparator
2026/06/22-23:12:36.699873 8ce0           Options.merge_operator: StringAppendOperator
2026/06/22-23:12:36.699879 8ce0        Options.compaction_filter: None
2026/06/22-23:12:36.699885 8ce0        Options.compaction_filter_factory: None
2026/06/22-23:12:36.699891 8ce0  Options.sst_partitioner_factory: None
2026/06/22-23:12:36.699897 8ce0         Options.memtable_factory: SkipListFactory
2026/06/22-23:12:36.699903 8ce0            Options.table_factory: BlockBasedTable
2026/06/22-23:12:36.699933 8ce0            table_factory options:   flush_block_policy_factory: FlushBlockBySizePolicyFactory (000001B9E3E1F690)
  cache_index_and_filter_blocks: 0
  cache_index_and_filter_blocks_with_high_priority: 1
  pin_l0_filter_and_index_blocks_in_cache: 1
  pin_top_level_index_and_filter: 1
  index_type: 2
  data_block_index_type: 0
  index_shortening: 1
  data_block_hash_table_util_ratio: 0.750000
  checksum: 4
  no_block_cache: 0
  block_cache: 000001B9E13AF020
  block_cache_name: LRUCache
  block_cache_options:
    capacity : 8388608
    num_shard_bits : 4
    strict_capacity_limit : 0
    memory_allocator : None
    high_pri_pool_ratio: 0.500
    low_pri_pool_ratio: 0.000
  persistent_cache: 0000000000000000
  block_size: 4096
  block_size_deviation: 10
  block_restart_interval: 16
  index_block_restart_interval: 1
  metadata_block_size: 8192
  partition_filters: 1
  use_delta_encoding: 1
  filter_policy: nullptr
  whole_key_filtering: 1
  verify_compression: 0
  read_amp_bytes_per_bit: 0
  format_version: 5
  enable_index_compression: 1
  block_align: 0
  max_auto_readahead_size: 262144
  prepopulate_block_cache: 0
  initial_auto_readahead_size: 8192
  num_file_reads_for_auto_readahead: 2
2026/06/22-23:12:36.699948 8ce0        Options.write_buffer_size: 67108864
2026/06/22-23:12:36.699956 8ce0  Options.max_write_buffer_number: 3
2026/06/22-23:12:36.699963 8ce0          Options.compression: Snappy
2026/06/22-23:12:36.699969 8ce0                  Options.bottommost_compression: Disabled
2026/06/22-23:12:36.699976 8ce0       Options.prefix_extractor: rocksdb.FixedPrefix
2026/06/22-23:12:36.699982 8ce0   Options.memtable_insert_with_hint_prefix_extractor: nullptr
2026/06/22-23:12:36.699988 8ce0             Options.num_levels: 7
2026/06/22-23:12:36.699994 8ce0        Options.min_write_buffer_number_to_merge: 1
2026/06/22-23:12:36.700000 8ce0     Options.max_write_buffer_number_to_maintain: 0
2026/06/22-23:12:36.700006 8ce0     Options.max_write_buffer_size_to_maintain: 0
2026/06/22-23:12:36.700012 8ce0            Options.bottommost_compression_opts.window_bits: -14
2026/06/22-23:12:36.700018 8ce0                  Options.bottommost_compression_opts.level: 32767
2026/06/22-23:12:36.700025 8ce0               Options.bottommost_compression_opts.strategy: 0
2026/06/22-23:12:36.700031 8ce0         Options.bottommost_compression_opts.max_dict_bytes: 0
2026/06/22-23:12:36.700037 8ce0         Options.bottommost_compression_opts.zstd_max_train_bytes: 0
2026/06/22-23:12:36.700043 8ce0         Options.bottommost_compression_opts.parallel_threads: 1
2026/06/22-23:12:36.700049 8ce0                  Options.bottommost_compression_opts.enabled: false
2026/06/22-23:12:36.700055 8ce0         Options.bottommost_compression_opts.max_dict_buffer_bytes: 0
2026/06/22-23:12:36.700061 8ce0         Options.bottommost_compression_opts.use_zstd_dict_trainer: true
2026/06/22-23:12:36.700068 8ce0            Options.compression_opts.window_bits: -14
2026/06/22-23:12:36.700074 8ce0                  Options.compression_opts.level: 32767
2026/06/22-23:12:36.700081 8ce0               Options.compression_opts.strategy: 0
2026/06/22-23:12:36.700087 8ce0         Options.compression_opts.max_dict_bytes: 0
2026/06/22-23:12:36.700093 8ce0         Options.compression_opts.zstd_max_train_bytes: 0
2026/06/22-23:12:36.700100 8ce0         Options.compression_opts.use_zstd_dict_trainer: true
2026/06/22-23:12:36.700106 8ce0         Options.compression_opts.parallel_threads: 1
2026/06/22-23:12:36.700113 8ce0                  Options.compression_opts.enabled: false
2026/06/22-23:12:36.700119 8ce0         Options.compression_opts.max_dict_buffer_bytes: 0
2026/06/22-23:12:36.700125 8ce0      Options.level0_file_num_compaction_trigger: 10
2026/06/22-23:12:36.700132 8ce0          Options.level0_slowdown_writes_trigger: 20
2026/06/22-23:12:36.700138 8ce0              Options.level0_stop_writes_trigger: 40
2026/06/22-23:12:36.700144 8ce0                   Options.target_file_size_base: 67108864
2026/06/22-23:12:36.700150 8ce0             Options.target_file_size_multiplier: 1
2026/06/22-23:12:36.700157 8ce0                Options.max_bytes_for_level_base: 536870912
2026/06/22-23:12:36.700163 8ce0 Options.level_compaction_dynamic_level_bytes: 1
2026/06/22-23:12:36.700169 8ce0          Options.max_bytes_for_level_multiplier: 10.000000
2026/06/22-23:12:36.700177 8ce0 Options.max_bytes_for_level_multiplier_addtl[0]: 1
2026/06/22-23:12:36.700183 8ce0 Options.max_bytes_for_level_multiplier_addtl[1]: 1
2026/06/22-23:12:36.700189 8ce0 Options.max_bytes_for_level_multiplier_addtl[2]: 1
2026/06/22-23:12:36.700196 8ce0 Options.max_bytes_for_level_multiplier_addtl[3]: 1
2026/06/22-23:12:36.700202 8ce0 Options.max_bytes_for_level_multiplier_addtl[4]: 1
2026/06/22-23:12:36.700209 8ce0 Options.max_bytes_for_level_multiplier_addtl[5]: 1
2026/06/22-23:12:36.700215 8ce0 Options.max_bytes_for_level_multiplier_addtl[6]: 1
2026/06/22-23:12:36.700222 8ce0       Options.max_sequential_skip_in_iterations: 8
2026/06/22-23:12:36.700229 8ce0                    Options.max_compaction_bytes: 1677721600
2026/06/22-23:12:36.700241 8ce0   Options.ignore_max_compaction_bytes_for_input: true
2026/06/22-23:12:36.700249 8ce0                        Options.arena_block_size: 1048576
2026/06/22-23:12:36.700256 8ce0   Options.soft_pending_compaction_bytes_limit: 68719476736
2026/06/22-23:12:36.700262 8ce0   Options.hard_pending_compaction_bytes_limit: 274877906944
2026/06/22-23:12:36.700268 8ce0                Options.disable_auto_compactions: 0
2026/06/22-23:12:36.700276 8ce0                        Options.compaction_style: kCompactionStyleLevel
2026/06/22-23:12:36.700283 8ce0                          Options.compaction_pri: kMinOverlappingRatio
2026/06/22-23:12:36.700289 8ce0 Options.compaction_options_universal.size_ratio: 1
2026/06/22-23:12:36.700295 8ce0 Options.compaction_options_universal.min_merge_width: 2
2026/06/22-23:12:36.700301 8ce0 Options.compaction_options_universal.max_merge_width: 4294967295
2026/06/22-23:12:36.700307 8ce0 Options.compaction_options_universal.max_size_amplification_percent: 200
2026/06/22-23:12:36.700314 8ce0 Options.compaction_options_universal.compression_size_percent: -1
2026/06/22-23:12:36.700320 8ce0 Options.compaction_options_universal.stop_style: kCompactionStopStyleTotalSize
2026/06/22-23:12:36.700327 8ce0 Options.compaction_options_fifo.max_table_files_size: 1073741824
2026/06/22-23:12:36.700333 8ce0 Options.compaction_options_fifo.allow_compaction: 0
2026/06/22-23:12:36.700343 8ce0                   Options.table_properties_collectors: 
2026/06/22-23:12:36.700350 8ce0                   Options.inplace_update_support: 0
2026/06/22-23:12:36.700356 8ce0                 Options.inplace_update_num_locks: 10000
2026/06/22-23:12:36.700363 8ce0               Options.memtable_prefix_bloom_size_ratio: 0.125000
2026/06/22-23:12:36.700371 8ce0               Options.memtable_whole_key_filtering: 0
2026/06/22-23:12:36.700377 8ce0   Options.memtable_huge_page_size: 0
2026/06/22-23:12:36.700384 8ce0                           Options.bloom_locality: 0
2026/06/22-23:12:36.700390 8ce0                    Options.max_successive_merges: 0
2026/06/22-23:12:36.700397 8ce0                Options.optimize_filters_for_hits: 0
2026/06/22-23:12:36.700403 8ce0                Options.paranoid_file_checks: 0
2026/06/22-23:12:36.700409 8ce0                Options.force_consistency_checks: 1
2026/06/22-23:12:36.700415 8ce0                Options.report_bg_io_stats: 0
2026/06/22-23:12:36.700421 8ce0                               Options.ttl: 2592000
2026/06/22-23:12:36.700428 8ce0          Options.periodic_compaction_seconds: 0
2026/06/22-23:12:36.700435 8ce0                        Options.default_temperature: kUnknown
2026/06/22-23:12:36.700441 8ce0  Options.preclude_last_level_data_seconds: 0
2026/06/22-23:12:36.700447 8ce0    Options.preserve_internal_time_seconds: 0
2026/06/22-23:12:36.700454 8ce0                       Options.enable_blob_files: false
2026/06/22-23:12:36.700460 8ce0                           Options.min_blob_size: 0
2026/06/22-23:12:36.700466 8ce0                          Options.blob_file_size: 268435456
2026/06/22-23:12:36.700473 8ce0                   Options.blob_compression_type: NoCompression
2026/06/22-23:12:36.700479 8ce0          Options.enable_blob_garbage_collection: false
2026/06/22-23:12:36.700486 8ce0      Options.blob_garbage_collection_age_cutoff: 0.250000
2026/06/22-23:12:36.700493 8ce0 Options.blob_garbage_collection_force_threshold: 1.000000
2026/06/22-23:12:36.700500 8ce0          Options.blob_compaction_readahead_size: 0
2026/06/22-23:12:36.700506 8ce0                Options.blob_file_starting_level: 0
2026/06/22-23:12:36.700513 8ce0         Options.experimental_mempurge_threshold: 0.000000
2026/06/22-23:12:36.700520 8ce0            Options.memtable_max_range_deletions: 0
2026/06/22-23:12:36.713962 8ce0 [db\version_set.cc:5957] Recovered from manifest file:C:\Users\ASUS\IdeaProjects\library_system\nacos\data\protocol\raft\naming_persistent_service_v2\log/MANIFEST-000029 succeeded,manifest_file_number is 29, next_file_number is 31, last_sequence is 13, log_number is 23,prev_log_number is 0,max_column_family is 1,min_log_number_to_keep is 23
2026/06/22-23:12:36.713995 8ce0 [db\version_set.cc:5966] Column family [default] (ID 0), log number is 23
2026/06/22-23:12:36.714005 8ce0 [db\version_set.cc:5966] Column family [Configuration] (ID 1), log number is 23
2026/06/22-23:12:36.714409 8ce0 [db\db_impl\db_impl_open.cc:646] DB ID: 9715acda-6e19-11f1-8a38-005056c00008
2026/06/22-23:12:36.717236 8ce0 EVENT_LOG_v1 {"time_micros": 1782141156717227, "job": 1, "event": "recovery_started", "wal_files": [28]}
2026/06/22-23:12:36.717262 8ce0 [db\db_impl\db_impl_open.cc:1145] Recovering log #28 mode 2
2026/06/22-23:12:36.720691 8ce0 EVENT_LOG_v1 {"time_micros": 1782141156720635, "cf_name": "default", "job": 1, "event": "table_file_creation", "file_number": 32, "file_size": 1206, "file_checksum": "", "file_checksum_func_name": "Unknown", "smallest_seqno": 14, "largest_seqno": 16, "table_properties": {"data_size": 68, "index_size": 45, "index_partitions": 1, "top_level_index_size": 20, "index_key_is_user_key": 1, "index_value_is_delta_encoded": 1, "filter_size": 0, "raw_key_size": 32, "raw_average_key_size": 16, "raw_value_size": 44, "raw_average_value_size": 22, "num_data_blocks": 1, "num_entries": 2, "num_filter_entries": 0, "num_deletions": 1, "num_merge_operands": 0, "num_range_deletions": 1, "format_version": 0, "fixed_key_len": 0, "filter_policy": "", "column_family_name": "default", "column_family_id": 0, "comparator": "leveldb.BytewiseComparator", "user_defined_timestamps_persisted": 1, "merge_operator": "StringAppendOperator", "prefix_extractor_name": "rocksdb.FixedPrefix.8", "property_collectors": "[]", "compression": "Snappy", "compression_options": "window_bits=-14; level=32767; strategy=0; max_dict_bytes=0; zstd_max_train_bytes=0; enabled=0; max_dict_buffer_bytes=0; use_zstd_dict_trainer=1; ", "creation_time": 1782141156, "oldest_key_time": 0, "file_creation_time": 0, "slow_compression_estimated_data_size": 0, "fast_compression_estimated_data_size": 0, "db_id": "9715acda-6e19-11f1-8a38-005056c00008", "db_session_id": "N0ECBQWR1BKC4Y19D9AT", "orig_file_number": 32, "seqno_to_time_mapping": "N/A"}}
2026/06/22-23:12:36.727649 8ce0 EVENT_LOG_v1 {"time_micros": 1782141156727589, "cf_name": "Configuration", "job": 1, "event": "table_file_creation", "file_number": 33, "file_size": 1212, "file_checksum": "", "file_checksum_func_name": "Unknown", "smallest_seqno": 15, "largest_seqno": 17, "table_properties": {"data_size": 68, "index_size": 45, "index_partitions": 1, "top_level_index_size": 20, "index_key_is_user_key": 1, "index_value_is_delta_encoded": 1, "filter_size": 0, "raw_key_size": 32, "raw_average_key_size": 16, "raw_value_size": 44, "raw_average_value_size": 22, "num_data_blocks": 1, "num_entries": 2, "num_filter_entries": 0, "num_deletions": 1, "num_merge_operands": 0, "num_range_deletions": 1, "format_version": 0, "fixed_key_len": 0, "filter_policy": "", "column_family_name": "Configuration", "column_family_id": 1, "comparator": "leveldb.BytewiseComparator", "user_defined_timestamps_persisted": 1, "merge_operator": "StringAppendOperator", "prefix_extractor_name": "rocksdb.FixedPrefix.8", "property_collectors": "[]", "compression": "Snappy", "compression_options": "window_bits=-14; level=32767; strategy=0; max_dict_bytes=0; zstd_max_train_bytes=0; enabled=0; max_dict_buffer_bytes=0; use_zstd_dict_trainer=1; ", "creation_time": 1782141156, "oldest_key_time": 0, "file_creation_time": 0, "slow_compression_estimated_data_size": 0, "fast_compression_estimated_data_size": 0, "db_id": "9715acda-6e19-11f1-8a38-005056c00008", "db_session_id": "N0ECBQWR1BKC4Y19D9AT", "orig_file_number": 33, "seqno_to_time_mapping": "N/A"}}
2026/06/22-23:12:36.733374 8ce0 EVENT_LOG_v1 {"time_micros": 1782141156733363, "job": 1, "event": "recovery_finished"}
2026/06/22-23:12:36.734258 8ce0 [db\version_set.cc:5417] Creating manifest 35
2026/06/22-23:12:36.746760 8ce0 [file\delete_scheduler.cc:77] Deleted file C:\Users\ASUS\IdeaProjects\library_system\nacos\data\protocol\raft\naming_persistent_service_v2\log/000028.log immediately, rate_bytes_per_sec 0, total_trash_size 0 max_trash_db_ratio 0.250000
2026/06/22-23:12:36.747315 8ce0 [db\db_impl\db_impl_open.cc:2150] SstFileManager instance 000001B9E14F14A0
2026/06/22-23:12:36.748916 8ce0 DB pointer 000001B9E14EDA40
2026/06/22-23:12:39.750448 9ad8 [db\db_impl\db_impl.cc:1141] ------- DUMPING STATS -------
2026/06/22-23:12:39.750476 9ad8 [db\db_impl\db_impl.cc:1142] 
** DB Stats **
Uptime(secs): 3.1 total, 3.1 interval
Cumulative writes: 3 writes, 4 keys, 3 commit groups, 1.0 writes per commit group, ingest: 0.00 GB, 0.00 MB/s
Cumulative WAL: 3 writes, 1 syncs, 3.00 writes per sync, written: 0.00 GB, 0.00 MB/s
Cumulative stall: 00:00:0.000 H:M:S, 0.0 percent
Interval writes: 3 writes, 4 keys, 3 commit groups, 1.0 writes per commit group, ingest: 0.00 MB, 0.00 MB/s
Interval WAL: 3 writes, 1 syncs, 3.00 writes per sync, written: 0.00 GB, 0.00 MB/s
Interval stall: 00:00:0.000 H:M:S, 0.0 percent
Write Stall (count): write-buffer-manager-limit-stops: 0

** Compaction Stats [default] **
Level    Files   Size     Score Read(GB)  Rn(GB) Rnp1(GB) Write(GB) Wnew(GB) Moved(GB) W-Amp Rd(MB/s) Wr(MB/s) Comp(sec) CompMergeCPU(sec) Comp(cnt) Avg(sec) KeyIn KeyDrop Rblob(GB) Wblob(GB)
------------------------------------------------------------------------------------------------------------------------------------------------------------------------------------------------
  L0      5/0    5.76 KB   0.5      0.0     0.0      0.0       0.0      0.0       0.0   1.0      0.0      0.4      0.00              0.00         1    0.003       0      0       0.0       0.0
 Sum      5/0    5.76 KB   0.0      0.0     0.0      0.0       0.0      0.0       0.0   1.0      0.0      0.4      0.00              0.00         1    0.003       0      0       0.0       0.0
 Int      0/0    0.00 KB   0.0      0.0     0.0      0.0       0.0      0.0       0.0   1.0      0.0      0.4      0.00              0.00         1    0.003       0      0       0.0       0.0

** Compaction Stats [default] **
Priority    Files   Size     Score Read(GB)  Rn(GB) Rnp1(GB) Write(GB) Wnew(GB) Moved(GB) W-Amp Rd(MB/s) Wr(MB/s) Comp(sec) CompMergeCPU(sec) Comp(cnt) Avg(sec) KeyIn KeyDrop Rblob(GB) Wblob(GB)
---------------------------------------------------------------------------------------------------------------------------------------------------------------------------------------------------
User      0/0    0.00 KB   0.0      0.0     0.0      0.0       0.0      0.0       0.0   0.0      0.0      0.4      0.00              0.00         1    0.003       0      0       0.0       0.0

Blob file count: 0, total size: 0.0 GB, garbage size: 0.0 GB, space amp: 0.0

Uptime(secs): 3.1 total, 3.1 interval
Flush(GB): cumulative 0.000, interval 0.000
AddFile(GB): cumulative 0.000, interval 0.000
AddFile(Total Files): cumulative 0, interval 0
AddFile(L0 Files): cumulative 0, interval 0
AddFile(Keys): cumulative 0, interval 0
Cumulative compaction: 0.00 GB write, 0.00 MB/s write, 0.00 GB read, 0.00 MB/s read, 0.0 seconds
Interval compaction: 0.00 GB write, 0.00 MB/s write, 0.00 GB read, 0.00 MB/s read, 0.0 seconds
Write Stall (count): cf-l0-file-count-limit-delays-with-ongoing-compaction: 0, cf-l0-file-count-limit-stops-with-ongoing-compaction: 0, l0-file-count-limit-delays: 0, l0-file-count-limit-stops: 0, memtable-limit-delays: 0, memtable-limit-stops: 0, pending-compaction-bytes-delays: 0, pending-compaction-bytes-stops: 0, total-delays: 0, total-stops: 0
Block cache LRUCache@000001B9E13AF020#32652 capacity: 8.00 MB seed: 2108261376 usage: 5.59 KB table_size: 256 occupancy: 27 collections: 1 last_copies: 1 last_secs: 3.5e-05 secs_since: 0
Block cache entry stats(count,size,portion): DataBlock(16,2.23 KB,0.0272393%) IndexBlock(10,1.06 KB,0.0129938%) Misc(1,0.00 KB,0%)

** File Read Latency Histogram By Level [default] **
** Level 0 read latency histogram (micros):
Count: 10 Average: 35.7000  StdDev: 27.97
Min: 6  Median: 22.0000  Max: 84
Percentiles: P50: 22.00 P75: 63.50 P99: 84.00 P99.9: 84.00 P99.99: 84.00
------------------------------------------------------
(       4,       6 ]        1  10.000%  10.000% ##
(       6,      10 ]        3  30.000%  40.000% ######
(      15,      22 ]        1  10.000%  50.000% ##
(      34,      51 ]        1  10.000%  60.000% ##
(      51,      76 ]        3  30.000%  90.000% ######
(      76,     110 ]        1  10.000% 100.000% ##


** Compaction Stats [Configuration] **
Level    Files   Size     Score Read(GB)  Rn(GB) Rnp1(GB) Write(GB) Wnew(GB) Moved(GB) W-Amp Rd(MB/s) Wr(MB/s) Comp(sec) CompMergeCPU(sec) Comp(cnt) Avg(sec) KeyIn KeyDrop Rblob(GB) Wblob(GB)
------------------------------------------------------------------------------------------------------------------------------------------------------------------------------------------------
  L0      5/0    5.84 KB   0.5      0.0     0.0      0.0       0.0      0.0       0.0   1.0      0.0      0.4      0.00              0.00         1    0.003       0      0       0.0       0.0
 Sum      5/0    5.84 KB   0.0      0.0     0.0      0.0       0.0      0.0       0.0   1.0      0.0      0.4      0.00              0.00         1    0.003       0      0       0.0       0.0
 Int      0/0    0.00 KB   0.0      0.0     0.0      0.0       0.0      0.0       0.0   1.0      0.0      0.4      0.00              0.00         1    0.003       0      0       0.0       0.0

** Compaction Stats [Configuration] **
Priority    Files   Size     Score Read(GB)  Rn(GB) Rnp1(GB) Write(GB) Wnew(GB) Moved(GB) W-Amp Rd(MB/s) Wr(MB/s) Comp(sec) CompMergeCPU(sec) Comp(cnt) Avg(sec) KeyIn KeyDrop Rblob(GB) Wblob(GB)
---------------------------------------------------------------------------------------------------------------------------------------------------------------------------------------------------
User      0/0    0.00 KB   0.0      0.0     0.0      0.0       0.0      0.0       0.0   0.0      0.0      0.4      0.00              0.00         1    0.003       0      0       0.0       0.0

Blob file count: 0, total size: 0.0 GB, garbage size: 0.0 GB, space amp: 0.0

Uptime(secs): 3.1 total, 3.1 interval
Flush(GB): cumulative 0.000, interval 0.000
AddFile(GB): cumulative 0.000, interval 0.000
AddFile(Total Files): cumulative 0, interval 0
AddFile(L0 Files): cumulative 0, interval 0
AddFile(Keys): cumulative 0, interval 0
Cumulative compaction: 0.00 GB write, 0.00 MB/s write, 0.00 GB read, 0.00 MB/s read, 0.0 seconds
Interval compaction: 0.00 GB write, 0.00 MB/s write, 0.00 GB read, 0.00 MB/s read, 0.0 seconds
Write Stall (count): cf-l0-file-count-limit-delays-with-ongoing-compaction: 0, cf-l0-file-count-limit-stops-with-ongoing-compaction: 0, l0-file-count-limit-delays: 0, l0-file-count-limit-stops: 0, memtable-limit-delays: 0, memtable-limit-stops: 0, pending-compaction-bytes-delays: 0, pending-compaction-bytes-stops: 0, total-delays: 0, total-stops: 0
Block cache LRUCache@000001B9E13AF020#32652 capacity: 8.00 MB seed: 2108261376 usage: 5.59 KB table_size: 256 occupancy: 27 collections: 1 last_copies: 1 last_secs: 3.5e-05 secs_since: 0
