2026/06/22-23:12:36.403566 8ce0 RocksDB version: 8.8.1
2026/06/22-23:12:36.403675 8ce0 Git sha 986b8b9f20893dec811d8ecdb97b6a47f20d322d
2026/06/22-23:12:36.403700 8ce0 Compile date 2023-11-23 10:47:11
2026/06/22-23:12:36.403725 8ce0 DB SUMMARY
2026/06/22-23:12:36.403746 8ce0 Host name (Env):  DESKTOP-9H1CV7U
2026/06/22-23:12:36.403762 8ce0 DB Session ID:  N0ECBQWR1BKC4Y19D9AS
2026/06/22-23:12:36.404603 8ce0 CURRENT file:  CURRENT
2026/06/22-23:12:36.404640 8ce0 IDENTITY file:  IDENTITY
2026/06/22-23:12:36.404724 8ce0 MANIFEST file:  MANIFEST-000029 size: 923 Bytes
2026/06/22-23:12:36.404749 8ce0 SST files in C:\Users\ASUS\IdeaProjects\library_system\nacos\data\protocol\raft\naming_persistent_service\log dir, Total Num: 8, files: 000008.sst 000009.sst 000014.sst 000015.sst 000020.sst 000021.sst 000026.sst 000027.sst 
2026/06/22-23:12:36.405345 8ce0 Write Ahead Log file in C:\Users\ASUS\IdeaProjects\library_system\nacos\data\protocol\raft\naming_persistent_service\log: 000028.log size: 191 ; 
2026/06/22-23:12:36.405422 8ce0                         Options.error_if_exists: 0
2026/06/22-23:12:36.405434 8ce0                       Options.create_if_missing: 1
2026/06/22-23:12:36.405445 8ce0                         Options.paranoid_checks: 1
2026/06/22-23:12:36.405455 8ce0             Options.flush_verify_memtable_count: 1
2026/06/22-23:12:36.405465 8ce0          Options.compaction_verify_record_count: 1
2026/06/22-23:12:36.405475 8ce0                               Options.track_and_verify_wals_in_manifest: 0
2026/06/22-23:12:36.405486 8ce0        Options.verify_sst_unique_id_in_manifest: 1
2026/06/22-23:12:36.405495 8ce0                                     Options.env: 000001B9DE49BD30
2026/06/22-23:12:36.405507 8ce0                                      Options.fs: WinFS
2026/06/22-23:12:36.405517 8ce0                                Options.info_log: 000001B9E3520F40
2026/06/22-23:12:36.405527 8ce0                Options.max_file_opening_threads: 16
2026/06/22-23:12:36.405537 8ce0                              Options.statistics: 000001B9E3866F00
2026/06/22-23:12:36.405547 8ce0                              Options.statistics stats level: 3
2026/06/22-23:12:36.405557 8ce0                               Options.use_fsync: 0
2026/06/22-23:12:36.405567 8ce0                       Options.max_log_file_size: 0
2026/06/22-23:12:36.405577 8ce0                  Options.max_manifest_file_size: 1073741824
2026/06/22-23:12:36.405587 8ce0                   Options.log_file_time_to_roll: 0
2026/06/22-23:12:36.405597 8ce0                       Options.keep_log_file_num: 100
2026/06/22-23:12:36.405607 8ce0                    Options.recycle_log_file_num: 0
2026/06/22-23:12:36.405617 8ce0                         Options.allow_fallocate: 1
2026/06/22-23:12:36.405627 8ce0                        Options.allow_mmap_reads: 0
2026/06/22-23:12:36.405637 8ce0                       Options.allow_mmap_writes: 0
2026/06/22-23:12:36.405647 8ce0                        Options.use_direct_reads: 0
2026/06/22-23:12:36.405657 8ce0                        Options.use_direct_io_for_flush_and_compaction: 0
2026/06/22-23:12:36.405667 8ce0          Options.create_missing_column_families: 1
2026/06/22-23:12:36.405677 8ce0                              Options.db_log_dir: 
2026/06/22-23:12:36.405688 8ce0                                 Options.wal_dir: 
2026/06/22-23:12:36.405698 8ce0                Options.table_cache_numshardbits: 6
2026/06/22-23:12:36.405708 8ce0                         Options.WAL_ttl_seconds: 0
2026/06/22-23:12:36.405718 8ce0                       Options.WAL_size_limit_MB: 0
2026/06/22-23:12:36.405728 8ce0                        Options.max_write_batch_group_size_bytes: 1048576
2026/06/22-23:12:36.405739 8ce0             Options.manifest_preallocation_size: 4194304
2026/06/22-23:12:36.405749 8ce0                     Options.is_fd_close_on_exec: 1
2026/06/22-23:12:36.405759 8ce0                   Options.advise_random_on_open: 1
2026/06/22-23:12:36.405769 8ce0                    Options.db_write_buffer_size: 0
2026/06/22-23:12:36.405779 8ce0                    Options.write_buffer_manager: 000001B9DE49AC50
2026/06/22-23:12:36.405852 8ce0         Options.access_hint_on_compaction_start: 1
2026/06/22-23:12:36.405868 8ce0           Options.random_access_max_buffer_size: 1048576
2026/06/22-23:12:36.405879 8ce0                      Options.use_adaptive_mutex: 0
2026/06/22-23:12:36.405889 8ce0                            Options.rate_limiter: 0000000000000000
2026/06/22-23:12:36.405899 8ce0     Options.sst_file_manager.rate_bytes_per_sec: 0
2026/06/22-23:12:36.405910 8ce0                       Options.wal_recovery_mode: 2
2026/06/22-23:12:36.405920 8ce0                  Options.enable_thread_tracking: 0
2026/06/22-23:12:36.405930 8ce0                  Options.enable_pipelined_write: 0
2026/06/22-23:12:36.405939 8ce0                  Options.unordered_write: 0
2026/06/22-23:12:36.405949 8ce0         Options.allow_concurrent_memtable_write: 1
2026/06/22-23:12:36.405959 8ce0      Options.enable_write_thread_adaptive_yield: 1
2026/06/22-23:12:36.405969 8ce0             Options.write_thread_max_yield_usec: 100
2026/06/22-23:12:36.405979 8ce0            Options.write_thread_slow_yield_usec: 3
2026/06/22-23:12:36.405989 8ce0                               Options.row_cache: None
2026/06/22-23:12:36.405999 8ce0                              Options.wal_filter: None
2026/06/22-23:12:36.406009 8ce0             Options.avoid_flush_during_recovery: 0
2026/06/22-23:12:36.406019 8ce0             Options.allow_ingest_behind: 0
2026/06/22-23:12:36.406029 8ce0             Options.two_write_queues: 0
2026/06/22-23:12:36.406039 8ce0             Options.manual_wal_flush: 0
2026/06/22-23:12:36.406048 8ce0             Options.wal_compression: 0
2026/06/22-23:12:36.406058 8ce0             Options.atomic_flush: 0
2026/06/22-23:12:36.406068 8ce0             Options.avoid_unnecessary_blocking_io: 0
2026/06/22-23:12:36.406078 8ce0                 Options.persist_stats_to_disk: 0
2026/06/22-23:12:36.406088 8ce0                 Options.write_dbid_to_manifest: 0
2026/06/22-23:12:36.406097 8ce0                 Options.log_readahead_size: 0
2026/06/22-23:12:36.406107 8ce0                 Options.file_checksum_gen_factory: Unknown
2026/06/22-23:12:36.406117 8ce0                 Options.best_efforts_recovery: 0
2026/06/22-23:12:36.406127 8ce0                Options.max_bgerror_resume_count: 2147483647
2026/06/22-23:12:36.406137 8ce0            Options.bgerror_resume_retry_interval: 1000000
2026/06/22-23:12:36.406147 8ce0             Options.allow_data_in_errors: 0
2026/06/22-23:12:36.406157 8ce0             Options.db_host_id: __hostname__
2026/06/22-23:12:36.406167 8ce0             Options.enforce_single_del_contracts: true
2026/06/22-23:12:36.406178 8ce0             Options.max_background_jobs: 2
2026/06/22-23:12:36.406188 8ce0             Options.max_background_compactions: -1
2026/06/22-23:12:36.406198 8ce0             Options.max_subcompactions: 1
2026/06/22-23:12:36.406208 8ce0             Options.avoid_flush_during_shutdown: 0
2026/06/22-23:12:36.406218 8ce0           Options.writable_file_max_buffer_size: 1048576
2026/06/22-23:12:36.406228 8ce0             Options.delayed_write_rate : 16777216
2026/06/22-23:12:36.406238 8ce0             Options.max_total_wal_size: 1073741824
2026/06/22-23:12:36.406248 8ce0             Options.delete_obsolete_files_period_micros: 21600000000
2026/06/22-23:12:36.406258 8ce0                   Options.stats_dump_period_sec: 600
2026/06/22-23:12:36.406268 8ce0                 Options.stats_persist_period_sec: 600
2026/06/22-23:12:36.406278 8ce0                 Options.stats_history_buffer_size: 1048576
2026/06/22-23:12:36.406288 8ce0                          Options.max_open_files: -1
2026/06/22-23:12:36.406298 8ce0                          Options.bytes_per_sync: 0
2026/06/22-23:12:36.406308 8ce0                      Options.wal_bytes_per_sync: 0
2026/06/22-23:12:36.406318 8ce0                   Options.strict_bytes_per_sync: 0
2026/06/22-23:12:36.406328 8ce0       Options.compaction_readahead_size: 2097152
2026/06/22-23:12:36.406338 8ce0                  Options.max_background_flushes: -1
2026/06/22-23:12:36.406386 8ce0 Options.daily_offpeak_time_utc: 
2026/06/22-23:12:36.406408 8ce0 Compression algorithms supported:
2026/06/22-23:12:36.406426 8ce0 	kZSTD supported: 1
2026/06/22-23:12:36.406437 8ce0 	kSnappyCompression supported: 1
2026/06/22-23:12:36.406447 8ce0 	kBZip2Compression supported: 0
2026/06/22-23:12:36.406457 8ce0 	kZlibCompression supported: 1
2026/06/22-23:12:36.406467 8ce0 	kLZ4Compression supported: 1
2026/06/22-23:12:36.406477 8ce0 	kXpressCompression supported: 0
2026/06/22-23:12:36.406487 8ce0 	kLZ4HCCompression supported: 1
2026/06/22-23:12:36.406497 8ce0 	kZSTDNotFinalCompression supported: 1
2026/06/22-23:12:36.406517 8ce0 Fast CRC32 supported: Not supported on x86
2026/06/22-23:12:36.406527 8ce0 DMutex implementation: std::mutex
2026/06/22-23:12:36.408114 8ce0 [db\version_set.cc:5906] Recovering from manifest file: C:\Users\ASUS\IdeaProjects\library_system\nacos\data\protocol\raft\naming_persistent_service\log/MANIFEST-000029
2026/06/22-23:12:36.408417 8ce0 [db\column_family.cc:618] --------------- Options for column family [default]:
2026/06/22-23:12:36.408433 8ce0               Options.comparator: leveldb.BytewiseComparator
2026/06/22-23:12:36.408439 8ce0           Options.merge_operator: StringAppendOperator
2026/06/22-23:12:36.408444 8ce0        Options.compaction_filter: None
2026/06/22-23:12:36.408449 8ce0        Options.compaction_filter_factory: None
2026/06/22-23:12:36.408453 8ce0  Options.sst_partitioner_factory: None
2026/06/22-23:12:36.408458 8ce0         Options.memtable_factory: SkipListFactory
2026/06/22-23:12:36.408463 8ce0            Options.table_factory: BlockBasedTable
2026/06/22-23:12:36.408494 8ce0            table_factory options:   flush_block_policy_factory: FlushBlockBySizePolicyFactory (000001B9E3E1DA40)
  cache_index_and_filter_blocks: 0
  cache_index_and_filter_blocks_with_high_priority: 1
  pin_l0_filter_and_index_blocks_in_cache: 1
  pin_top_level_index_and_filter: 1
  index_type: 2
  data_block_index_type: 0
  index_shortening: 1
  data_block_hash_table_util_ratio: 0.750000
  checksum: 4
  no_block_cache: 0
  block_cache: 000001B9DE49CF10
  block_cache_name: LRUCache
  block_cache_options:
    capacity : 8388608
    num_shard_bits : 4
    strict_capacity_limit : 0
    memory_allocator : None
    high_pri_pool_ratio: 0.500
    low_pri_pool_ratio: 0.000
  persistent_cache: 0000000000000000
  block_size: 4096
  block_size_deviation: 10
  block_restart_interval: 16
  index_block_restart_interval: 1
  metadata_block_size: 8192
  partition_filters: 1
  use_delta_encoding: 1
  filter_policy: nullptr
  whole_key_filtering: 1
  verify_compression: 0
  read_amp_bytes_per_bit: 0
  format_version: 5
  enable_index_compression: 1
  block_align: 0
  max_auto_readahead_size: 262144
  prepopulate_block_cache: 0
  initial_auto_readahead_size: 8192
  num_file_reads_for_auto_readahead: 2
2026/06/22-23:12:36.408501 8ce0        Options.write_buffer_size: 67108864
2026/06/22-23:12:36.408506 8ce0  Options.max_write_buffer_number: 3
2026/06/22-23:12:36.408511 8ce0          Options.compression: Snappy
2026/06/22-23:12:36.408516 8ce0                  Options.bottommost_compression: Disabled
2026/06/22-23:12:36.408521 8ce0       Options.prefix_extractor: rocksdb.FixedPrefix
2026/06/22-23:12:36.408525 8ce0   Options.memtable_insert_with_hint_prefix_extractor: nullptr
2026/06/22-23:12:36.408530 8ce0             Options.num_levels: 7
2026/06/22-23:12:36.408535 8ce0        Options.min_write_buffer_number_to_merge: 1
2026/06/22-23:12:36.408539 8ce0     Options.max_write_buffer_number_to_maintain: 0
2026/06/22-23:12:36.408544 8ce0     Options.max_write_buffer_size_to_maintain: 0
2026/06/22-23:12:36.408548 8ce0            Options.bottommost_compression_opts.window_bits: -14
2026/06/22-23:12:36.408553 8ce0                  Options.bottommost_compression_opts.level: 32767
2026/06/22-23:12:36.408562 8ce0               Options.bottommost_compression_opts.strategy: 0
2026/06/22-23:12:36.408570 8ce0         Options.bottommost_compression_opts.max_dict_bytes: 0
2026/06/22-23:12:36.408575 8ce0         Options.bottommost_compression_opts.zstd_max_train_bytes: 0
2026/06/22-23:12:36.408584 8ce0         Options.bottommost_compression_opts.parallel_threads: 1
2026/06/22-23:12:36.408590 8ce0                  Options.bottommost_compression_opts.enabled: false
2026/06/22-23:12:36.408595 8ce0         Options.bottommost_compression_opts.max_dict_buffer_bytes: 0
2026/06/22-23:12:36.408600 8ce0         Options.bottommost_compression_opts.use_zstd_dict_trainer: true
2026/06/22-23:12:36.408604 8ce0            Options.compression_opts.window_bits: -14
2026/06/22-23:12:36.408609 8ce0                  Options.compression_opts.level: 32767
2026/06/22-23:12:36.408614 8ce0               Options.compression_opts.strategy: 0
2026/06/22-23:12:36.408619 8ce0         Options.compression_opts.max_dict_bytes: 0
2026/06/22-23:12:36.408623 8ce0         Options.compression_opts.zstd_max_train_bytes: 0
2026/06/22-23:12:36.408628 8ce0         Options.compression_opts.use_zstd_dict_trainer: true
2026/06/22-23:12:36.408633 8ce0         Options.compression_opts.parallel_threads: 1
2026/06/22-23:12:36.408638 8ce0                  Options.compression_opts.enabled: false
2026/06/22-23:12:36.408644 8ce0         Options.compression_opts.max_dict_buffer_bytes: 0
2026/06/22-23:12:36.408648 8ce0      Options.level0_file_num_compaction_trigger: 10
2026/06/22-23:12:36.408653 8ce0          Options.level0_slowdown_writes_trigger: 20
2026/06/22-23:12:36.408658 8ce0              Options.level0_stop_writes_trigger: 40
2026/06/22-23:12:36.408662 8ce0                   Options.target_file_size_base: 67108864
2026/06/22-23:12:36.408668 8ce0             Options.target_file_size_multiplier: 1
2026/06/22-23:12:36.408672 8ce0                Options.max_bytes_for_level_base: 536870912
2026/06/22-23:12:36.408677 8ce0 Options.level_compaction_dynamic_level_bytes: 1
2026/06/22-23:12:36.408682 8ce0          Options.max_bytes_for_level_multiplier: 10.000000
2026/06/22-23:12:36.408687 8ce0 Options.max_bytes_for_level_multiplier_addtl[0]: 1
2026/06/22-23:12:36.408692 8ce0 Options.max_bytes_for_level_multiplier_addtl[1]: 1
2026/06/22-23:12:36.408697 8ce0 Options.max_bytes_for_level_multiplier_addtl[2]: 1
2026/06/22-23:12:36.408702 8ce0 Options.max_bytes_for_level_multiplier_addtl[3]: 1
2026/06/22-23:12:36.408706 8ce0 Options.max_bytes_for_level_multiplier_addtl[4]: 1
2026/06/22-23:12:36.408711 8ce0 Options.max_bytes_for_level_multiplier_addtl[5]: 1
2026/06/22-23:12:36.408716 8ce0 Options.max_bytes_for_level_multiplier_addtl[6]: 1
2026/06/22-23:12:36.408721 8ce0       Options.max_sequential_skip_in_iterations: 8
2026/06/22-23:12:36.408725 8ce0                    Options.max_compaction_bytes: 1677721600
2026/06/22-23:12:36.408730 8ce0   Options.ignore_max_compaction_bytes_for_input: true
2026/06/22-23:12:36.408735 8ce0                        Options.arena_block_size: 1048576
2026/06/22-23:12:36.408740 8ce0   Options.soft_pending_compaction_bytes_limit: 68719476736
2026/06/22-23:12:36.408745 8ce0   Options.hard_pending_compaction_bytes_limit: 274877906944
2026/06/22-23:12:36.408751 8ce0                Options.disable_auto_compactions: 0
2026/06/22-23:12:36.408756 8ce0                        Options.compaction_style: kCompactionStyleLevel
2026/06/22-23:12:36.408761 8ce0                          Options.compaction_pri: kMinOverlappingRatio
2026/06/22-23:12:36.408766 8ce0 Options.compaction_options_universal.size_ratio: 1
2026/06/22-23:12:36.408771 8ce0 Options.compaction_options_universal.min_merge_width: 2
2026/06/22-23:12:36.408775 8ce0 Options.compaction_options_universal.max_merge_width: 4294967295
2026/06/22-23:12:36.408780 8ce0 Options.compaction_options_universal.max_size_amplification_percent: 200
2026/06/22-23:12:36.408785 8ce0 Options.compaction_options_universal.compression_size_percent: -1
2026/06/22-23:12:36.408790 8ce0 Options.compaction_options_universal.stop_style: kCompactionStopStyleTotalSize
2026/06/22-23:12:36.408795 8ce0 Options.compaction_options_fifo.max_table_files_size: 1073741824
2026/06/22-23:12:36.408799 8ce0 Options.compaction_options_fifo.allow_compaction: 0
2026/06/22-23:12:36.408846 8ce0                   Options.table_properties_collectors: 
2026/06/22-23:12:36.408853 8ce0                   Options.inplace_update_support: 0
2026/06/22-23:12:36.408858 8ce0                 Options.inplace_update_num_locks: 10000
2026/06/22-23:12:36.408863 8ce0               Options.memtable_prefix_bloom_size_ratio: 0.125000
2026/06/22-23:12:36.408868 8ce0               Options.memtable_whole_key_filtering: 0
2026/06/22-23:12:36.408873 8ce0   Options.memtable_huge_page_size: 0
2026/06/22-23:12:36.408878 8ce0                           Options.bloom_locality: 0
2026/06/22-23:12:36.408882 8ce0                    Options.max_successive_merges: 0
2026/06/22-23:12:36.408887 8ce0                Options.optimize_filters_for_hits: 0
2026/06/22-23:12:36.408892 8ce0                Options.paranoid_file_checks: 0
2026/06/22-23:12:36.408896 8ce0                Options.force_consistency_checks: 1
2026/06/22-23:12:36.408901 8ce0                Options.report_bg_io_stats: 0
2026/06/22-23:12:36.408905 8ce0                               Options.ttl: 2592000
2026/06/22-23:12:36.408910 8ce0          Options.periodic_compaction_seconds: 0
2026/06/22-23:12:36.408915 8ce0                        Options.default_temperature: kUnknown
2026/06/22-23:12:36.408920 8ce0  Options.preclude_last_level_data_seconds: 0
2026/06/22-23:12:36.408924 8ce0    Options.preserve_internal_time_seconds: 0
2026/06/22-23:12:36.408929 8ce0                       Options.enable_blob_files: false
2026/06/22-23:12:36.408934 8ce0                           Options.min_blob_size: 0
2026/06/22-23:12:36.408939 8ce0                          Options.blob_file_size: 268435456
2026/06/22-23:12:36.408943 8ce0                   Options.blob_compression_type: NoCompression
2026/06/22-23:12:36.408948 8ce0          Options.enable_blob_garbage_collection: false
2026/06/22-23:12:36.408953 8ce0      Options.blob_garbage_collection_age_cutoff: 0.250000
2026/06/22-23:12:36.408958 8ce0 Options.blob_garbage_collection_force_threshold: 1.000000
2026/06/22-23:12:36.408963 8ce0          Options.blob_compaction_readahead_size: 0
2026/06/22-23:12:36.408968 8ce0                Options.blob_file_starting_level: 0
2026/06/22-23:12:36.408973 8ce0         Options.experimental_mempurge_threshold: 0.000000
2026/06/22-23:12:36.408978 8ce0            Options.memtable_max_range_deletions: 0
2026/06/22-23:12:36.411733 8ce0 [db\column_family.cc:618] --------------- Options for column family [Configuration]:
2026/06/22-23:12:36.411763 8ce0               Options.comparator: leveldb.BytewiseComparator
2026/06/22-23:12:36.411771 8ce0           Options.merge_operator: StringAppendOperator
2026/06/22-23:12:36.411776 8ce0        Options.compaction_filter: None
2026/06/22-23:12:36.411781 8ce0        Options.compaction_filter_factory: None
2026/06/22-23:12:36.411786 8ce0  Options.sst_partitioner_factory: None
2026/06/22-23:12:36.411792 8ce0         Options.memtable_factory: SkipListFactory
2026/06/22-23:12:36.411799 8ce0            Options.table_factory: BlockBasedTable
2026/06/22-23:12:36.411841 8ce0            table_factory options:   flush_block_policy_factory: FlushBlockBySizePolicyFactory (000001B9E3E1DA40)
  cache_index_and_filter_blocks: 0
  cache_index_and_filter_blocks_with_high_priority: 1
  pin_l0_filter_and_index_blocks_in_cache: 1
  pin_top_level_index_and_filter: 1
  index_type: 2
  data_block_index_type: 0
  index_shortening: 1
  data_block_hash_table_util_ratio: 0.750000
  checksum: 4
  no_block_cache: 0
  block_cache: 000001B9DE49CF10
  block_cache_name: LRUCache
  block_cache_options:
    capacity : 8388608
    num_shard_bits : 4
    strict_capacity_limit : 0
    memory_allocator : None
    high_pri_pool_ratio: 0.500
    low_pri_pool_ratio: 0.000
  persistent_cache: 0000000000000000
  block_size: 4096
  block_size_deviation: 10
  block_restart_interval: 16
  index_block_restart_interval: 1
  metadata_block_size: 8192
  partition_filters: 1
  use_delta_encoding: 1
  filter_policy: nullptr
  whole_key_filtering: 1
  verify_compression: 0
  read_amp_bytes_per_bit: 0
  format_version: 5
  enable_index_compression: 1
  block_align: 0
  max_auto_readahead_size: 262144
  prepopulate_block_cache: 0
  initial_auto_readahead_size: 8192
  num_file_reads_for_auto_readahead: 2
2026/06/22-23:12:36.411859 8ce0        Options.write_buffer_size: 67108864
2026/06/22-23:12:36.411869 8ce0  Options.max_write_buffer_number: 3
2026/06/22-23:12:36.411876 8ce0          Options.compression: Snappy
2026/06/22-23:12:36.411883 8ce0                  Options.bottommost_compression: Disabled
2026/06/22-23:12:36.411889 8ce0       Options.prefix_extractor: rocksdb.FixedPrefix
2026/06/22-23:12:36.411896 8ce0   Options.memtable_insert_with_hint_prefix_extractor: nullptr
2026/06/22-23:12:36.411901 8ce0             Options.num_levels: 7
2026/06/22-23:12:36.411908 8ce0        Options.min_write_buffer_number_to_merge: 1
2026/06/22-23:12:36.411914 8ce0     Options.max_write_buffer_number_to_maintain: 0
2026/06/22-23:12:36.411921 8ce0     Options.max_write_buffer_size_to_maintain: 0
2026/06/22-23:12:36.411928 8ce0            Options.bottommost_compression_opts.window_bits: -14
2026/06/22-23:12:36.411935 8ce0                  Options.bottommost_compression_opts.level: 32767
2026/06/22-23:12:36.411942 8ce0               Options.bottommost_compression_opts.strategy: 0
2026/06/22-23:12:36.411949 8ce0         Options.bottommost_compression_opts.max_dict_bytes: 0
2026/06/22-23:12:36.411956 8ce0         Options.bottommost_compression_opts.zstd_max_train_bytes: 0
2026/06/22-23:12:36.411965 8ce0         Options.bottommost_compression_opts.parallel_threads: 1
2026/06/22-23:12:36.411969 8ce0                  Options.bottommost_compression_opts.enabled: false
2026/06/22-23:12:36.411974 8ce0         Options.bottommost_compression_opts.max_dict_buffer_bytes: 0
2026/06/22-23:12:36.411979 8ce0         Options.bottommost_compression_opts.use_zstd_dict_trainer: true
2026/06/22-23:12:36.411984 8ce0            Options.compression_opts.window_bits: -14
2026/06/22-23:12:36.411989 8ce0                  Options.compression_opts.level: 32767
2026/06/22-23:12:36.411994 8ce0               Options.compression_opts.strategy: 0
2026/06/22-23:12:36.411998 8ce0         Options.compression_opts.max_dict_bytes: 0
2026/06/22-23:12:36.412003 8ce0         Options.compression_opts.zstd_max_train_bytes: 0
2026/06/22-23:12:36.412008 8ce0         Options.compression_opts.use_zstd_dict_trainer: true
2026/06/22-23:12:36.412013 8ce0         Options.compression_opts.parallel_threads: 1
2026/06/22-23:12:36.412018 8ce0                  Options.compression_opts.enabled: false
2026/06/22-23:12:36.412023 8ce0         Options.compression_opts.max_dict_buffer_bytes: 0
2026/06/22-23:12:36.412028 8ce0      Options.level0_file_num_compaction_trigger: 10
2026/06/22-23:12:36.412033 8ce0          Options.level0_slowdown_writes_trigger: 20
2026/06/22-23:12:36.412038 8ce0              Options.level0_stop_writes_trigger: 40
2026/06/22-23:12:36.412043 8ce0                   Options.target_file_size_base: 67108864
2026/06/22-23:12:36.412048 8ce0             Options.target_file_size_multiplier: 1
2026/06/22-23:12:36.412053 8ce0                Options.max_bytes_for_level_base: 536870912
2026/06/22-23:12:36.412059 8ce0 Options.level_compaction_dynamic_level_bytes: 1
2026/06/22-23:12:36.412065 8ce0          Options.max_bytes_for_level_multiplier: 10.000000
2026/06/22-23:12:36.412073 8ce0 Options.max_bytes_for_level_multiplier_addtl[0]: 1
2026/06/22-23:12:36.412080 8ce0 Options.max_bytes_for_level_multiplier_addtl[1]: 1
2026/06/22-23:12:36.412088 8ce0 Options.max_bytes_for_level_multiplier_addtl[2]: 1
2026/06/22-23:12:36.412095 8ce0 Options.max_bytes_for_level_multiplier_addtl[3]: 1
2026/06/22-23:12:36.412101 8ce0 Options.max_bytes_for_level_multiplier_addtl[4]: 1
2026/06/22-23:12:36.412107 8ce0 Options.max_bytes_for_level_multiplier_addtl[5]: 1
2026/06/22-23:12:36.412114 8ce0 Options.max_bytes_for_level_multiplier_addtl[6]: 1
2026/06/22-23:12:36.412120 8ce0       Options.max_sequential_skip_in_iterations: 8
2026/06/22-23:12:36.412126 8ce0                    Options.max_compaction_bytes: 1677721600
2026/06/22-23:12:36.412136 8ce0   Options.ignore_max_compaction_bytes_for_input: true
2026/06/22-23:12:36.412144 8ce0                        Options.arena_block_size: 1048576
2026/06/22-23:12:36.412151 8ce0   Options.soft_pending_compaction_bytes_limit: 68719476736
2026/06/22-23:12:36.412158 8ce0   Options.hard_pending_compaction_bytes_limit: 274877906944
2026/06/22-23:12:36.412165 8ce0                Options.disable_auto_compactions: 0
2026/06/22-23:12:36.412172 8ce0                        Options.compaction_style: kCompactionStyleLevel
2026/06/22-23:12:36.412179 8ce0                          Options.compaction_pri: kMinOverlappingRatio
2026/06/22-23:12:36.412186 8ce0 Options.compaction_options_universal.size_ratio: 1
2026/06/22-23:12:36.412192 8ce0 Options.compaction_options_universal.min_merge_width: 2
2026/06/22-23:12:36.412199 8ce0 Options.compaction_options_universal.max_merge_width: 4294967295
2026/06/22-23:12:36.412206 8ce0 Options.compaction_options_universal.max_size_amplification_percent: 200
2026/06/22-23:12:36.412213 8ce0 Options.compaction_options_universal.compression_size_percent: -1
2026/06/22-23:12:36.412221 8ce0 Options.compaction_options_universal.stop_style: kCompactionStopStyleTotalSize
2026/06/22-23:12:36.412228 8ce0 Options.compaction_options_fifo.max_table_files_size: 1073741824
2026/06/22-23:12:36.412233 8ce0 Options.compaction_options_fifo.allow_compaction: 0
2026/06/22-23:12:36.412244 8ce0                   Options.table_properties_collectors: 
2026/06/22-23:12:36.412251 8ce0                   Options.inplace_update_support: 0
2026/06/22-23:12:36.412258 8ce0                 Options.inplace_update_num_locks: 10000
2026/06/22-23:12:36.412264 8ce0               Options.memtable_prefix_bloom_size_ratio: 0.125000
2026/06/22-23:12:36.412272 8ce0               Options.memtable_whole_key_filtering: 0
2026/06/22-23:12:36.412278 8ce0   Options.memtable_huge_page_size: 0
2026/06/22-23:12:36.412282 8ce0                           Options.bloom_locality: 0
2026/06/22-23:12:36.412287 8ce0                    Options.max_successive_merges: 0
2026/06/22-23:12:36.412292 8ce0                Options.optimize_filters_for_hits: 0
2026/06/22-23:12:36.412297 8ce0                Options.paranoid_file_checks: 0
2026/06/22-23:12:36.412301 8ce0                Options.force_consistency_checks: 1
2026/06/22-23:12:36.412308 8ce0                Options.report_bg_io_stats: 0
2026/06/22-23:12:36.412315 8ce0                               Options.ttl: 2592000
2026/06/22-23:12:36.412321 8ce0          Options.periodic_compaction_seconds: 0
2026/06/22-23:12:36.412328 8ce0                        Options.default_temperature: kUnknown
2026/06/22-23:12:36.412335 8ce0  Options.preclude_last_level_data_seconds: 0
2026/06/22-23:12:36.412342 8ce0    Options.preserve_internal_time_seconds: 0
2026/06/22-23:12:36.412348 8ce0                       Options.enable_blob_files: false
2026/06/22-23:12:36.412354 8ce0                           Options.min_blob_size: 0
2026/06/22-23:12:36.412361 8ce0                          Options.blob_file_size: 268435456
2026/06/22-23:12:36.412368 8ce0                   Options.blob_compression_type: NoCompression
2026/06/22-23:12:36.412374 8ce0          Options.enable_blob_garbage_collection: false
2026/06/22-23:12:36.412381 8ce0      Options.blob_garbage_collection_age_cutoff: 0.250000
2026/06/22-23:12:36.412389 8ce0 Options.blob_garbage_collection_force_threshold: 1.000000
2026/06/22-23:12:36.412398 8ce0          Options.blob_compaction_readahead_size: 0
2026/06/22-23:12:36.412406 8ce0                Options.blob_file_starting_level: 0
2026/06/22-23:12:36.412413 8ce0         Options.experimental_mempurge_threshold: 0.000000
2026/06/22-23:12:36.412420 8ce0            Options.memtable_max_range_deletions: 0
2026/06/22-23:12:36.420754 8ce0 [db\version_set.cc:5957] Recovered from manifest file:C:\Users\ASUS\IdeaProjects\library_system\nacos\data\protocol\raft\naming_persistent_service\log/MANIFEST-000029 succeeded,manifest_file_number is 29, next_file_number is 31, last_sequence is 13, log_number is 23,prev_log_number is 0,max_column_family is 1,min_log_number_to_keep is 23
2026/06/22-23:12:36.420784 8ce0 [db\version_set.cc:5966] Column family [default] (ID 0), log number is 23
2026/06/22-23:12:36.420792 8ce0 [db\version_set.cc:5966] Column family [Configuration] (ID 1), log number is 23
2026/06/22-23:12:36.421206 8ce0 [db\db_impl\db_impl_open.cc:646] DB ID: 9715acd9-6e19-11f1-8a38-005056c00008
2026/06/22-23:12:36.423355 8ce0 EVENT_LOG_v1 {"time_micros": 1782141156423328, "job": 1, "event": "recovery_started", "wal_files": [28]}
2026/06/22-23:12:36.423382 8ce0 [db\db_impl\db_impl_open.cc:1145] Recovering log #28 mode 2
2026/06/22-23:12:36.426771 8ce0 EVENT_LOG_v1 {"time_micros": 1782141156426715, "cf_name": "default", "job": 1, "event": "table_file_creation", "file_number": 32, "file_size": 1206, "file_checksum": "", "file_checksum_func_name": "Unknown", "smallest_seqno": 14, "largest_seqno": 16, "table_properties": {"data_size": 68, "index_size": 45, "index_partitions": 1, "top_level_index_size": 20, "index_key_is_user_key": 1, "index_value_is_delta_encoded": 1, "filter_size": 0, "raw_key_size": 32, "raw_average_key_size": 16, "raw_value_size": 44, "raw_average_value_size": 22, "num_data_blocks": 1, "num_entries": 2, "num_filter_entries": 0, "num_deletions": 1, "num_merge_operands": 0, "num_range_deletions": 1, "format_version": 0, "fixed_key_len": 0, "filter_policy": "", "column_family_name": "default", "column_family_id": 0, "comparator": "leveldb.BytewiseComparator", "user_defined_timestamps_persisted": 1, "merge_operator": "StringAppendOperator", "prefix_extractor_name": "rocksdb.FixedPrefix.8", "property_collectors": "[]", "compression": "Snappy", "compression_options": "window_bits=-14; level=32767; strategy=0; max_dict_bytes=0; zstd_max_train_bytes=0; enabled=0; max_dict_buffer_bytes=0; use_zstd_dict_trainer=1; ", "creation_time": 1782141156, "oldest_key_time": 0, "file_creation_time": 0, "slow_compression_estimated_data_size": 0, "fast_compression_estimated_data_size": 0, "db_id": "9715acd9-6e19-11f1-8a38-005056c00008", "db_session_id": "N0ECBQWR1BKC4Y19D9AS", "orig_file_number": 32, "seqno_to_time_mapping": "N/A"}}
2026/06/22-23:12:36.433198 8ce0 EVENT_LOG_v1 {"time_micros": 1782141156433153, "cf_name": "Configuration", "job": 1, "event": "table_file_creation", "file_number": 33, "file_size": 1212, "file_checksum": "", "file_checksum_func_name": "Unknown", "smallest_seqno": 15, "largest_seqno": 17, "table_properties": {"data_size": 68, "index_size": 45, "index_partitions": 1, "top_level_index_size": 20, "index_key_is_user_key": 1, "index_value_is_delta_encoded": 1, "filter_size": 0, "raw_key_size": 32, "raw_average_key_size": 16, "raw_value_size": 44, "raw_average_value_size": 22, "num_data_blocks": 1, "num_entries": 2, "num_filter_entries": 0, "num_deletions": 1, "num_merge_operands": 0, "num_range_deletions": 1, "format_version": 0, "fixed_key_len": 0, "filter_policy": "", "column_family_name": "Configuration", "column_family_id": 1, "comparator": "leveldb.BytewiseComparator", "user_defined_timestamps_persisted": 1, "merge_operator": "StringAppendOperator", "prefix_extractor_name": "rocksdb.FixedPrefix.8", "property_collectors": "[]", "compression": "Snappy", "compression_options": "window_bits=-14; level=32767; strategy=0; max_dict_bytes=0; zstd_max_train_bytes=0; enabled=0; max_dict_buffer_bytes=0; use_zstd_dict_trainer=1; ", "creation_time": 1782141156, "oldest_key_time": 0, "file_creation_time": 0, "slow_compression_estimated_data_size": 0, "fast_compression_estimated_data_size": 0, "db_id": "9715acd9-6e19-11f1-8a38-005056c00008", "db_session_id": "N0ECBQWR1BKC4Y19D9AS", "orig_file_number": 33, "seqno_to_time_mapping": "N/A"}}
2026/06/22-23:12:36.438213 8ce0 EVENT_LOG_v1 {"time_micros": 1782141156438203, "job": 1, "event": "recovery_finished"}
2026/06/22-23:12:36.438988 8ce0 [db\version_set.cc:5417] Creating manifest 35
2026/06/22-23:12:36.455431 8ce0 [file\delete_scheduler.cc:77] Deleted file C:\Users\ASUS\IdeaProjects\library_system\nacos\data\protocol\raft\naming_persistent_service\log/000028.log immediately, rate_bytes_per_sec 0, total_trash_size 0 max_trash_db_ratio 0.250000
2026/06/22-23:12:36.456259 8ce0 [db\db_impl\db_impl_open.cc:2150] SstFileManager instance 000001B9DD1B13D0
2026/06/22-23:12:36.457385 8ce0 DB pointer 000001B9E0E70BC0
2026/06/22-23:12:36.458235 9ad8 [db\db_impl\db_impl.cc:1141] ------- DUMPING STATS -------
2026/06/22-23:12:36.458265 9ad8 [db\db_impl\db_impl.cc:1142] 
** DB Stats **
Uptime(secs): 0.0 total, 0.0 interval
Cumulative writes: 0 writes, 0 keys, 0 commit groups, 0.0 writes per commit group, ingest: 0.00 GB, 0.00 MB/s
Cumulative WAL: 0 writes, 0 syncs, 0.00 writes per sync, written: 0.00 GB, 0.00 MB/s
Cumulative stall: 00:00:0.000 H:M:S, 0.0 percent
Interval writes: 0 writes, 0 keys, 0 commit groups, 0.0 writes per commit group, ingest: 0.00 MB, 0.00 MB/s
Interval WAL: 0 writes, 0 syncs, 0.00 writes per sync, written: 0.00 GB, 0.00 MB/s
Interval stall: 00:00:0.000 H:M:S, 0.0 percent
Write Stall (count): write-buffer-manager-limit-stops: 0

** Compaction Stats [default] **
Level    Files   Size     Score Read(GB)  Rn(GB) Rnp1(GB) Write(GB) Wnew(GB) Moved(GB) W-Amp Rd(MB/s) Wr(MB/s) Comp(sec) CompMergeCPU(sec) Comp(cnt) Avg(sec) KeyIn KeyDrop Rblob(GB) Wblob(GB)
------------------------------------------------------------------------------------------------------------------------------------------------------------------------------------------------
  L0      5/0    5.76 KB   0.5      0.0     0.0      0.0       0.0      0.0       0.0   1.0      0.0      0.4      0.00              0.00         1    0.003       0      0       0.0       0.0
 Sum      5/0    5.76 KB   0.0      0.0     0.0      0.0       0.0      0.0       0.0   1.0      0.0      0.4      0.00              0.00         1    0.003       0      0       0.0       0.0
 Int      0/0    0.00 KB   0.0      0.0     0.0      0.0       0.0      0.0       0.0   1.0      0.0      0.4      0.00              0.00         1    0.003       0      0       0.0       0.0

** Compaction Stats [default] **
Priority    Files   Size     Score Read(GB)  Rn(GB) Rnp1(GB) Write(GB) Wnew(GB) Moved(GB) W-Amp Rd(MB/s) Wr(MB/s) Comp(sec) CompMergeCPU(sec) Comp(cnt) Avg(sec) KeyIn KeyDrop Rblob(GB) Wblob(GB)
---------------------------------------------------------------------------------------------------------------------------------------------------------------------------------------------------
User      0/0    0.00 KB   0.0      0.0     0.0      0.0       0.0      0.0       0.0   0.0      0.0      0.4      0.00              0.00         1    0.003       0      0       0.0       0.0

Blob file count: 0, total size: 0.0 GB, garbage size: 0.0 GB, space amp: 0.0

Uptime(secs): 0.0 total, 0.0 interval
Flush(GB): cumulative 0.000, interval 0.000
AddFile(GB): cumulative 0.000, interval 0.000
AddFile(Total Files): cumulative 0, interval 0
AddFile(L0 Files): cumulative 0, interval 0
AddFile(Keys): cumulative 0, interval 0
Cumulative compaction: 0.00 GB write, 0.02 MB/s write, 0.00 GB read, 0.00 MB/s read, 0.0 seconds
Interval compaction: 0.00 GB write, 0.02 MB/s write, 0.00 GB read, 0.00 MB/s read, 0.0 seconds
Write Stall (count): cf-l0-file-count-limit-delays-with-ongoing-compaction: 0, cf-l0-file-count-limit-stops-with-ongoing-compaction: 0, l0-file-count-limit-delays: 0, l0-file-count-limit-stops: 0, memtable-limit-delays: 0, memtable-limit-stops: 0, pending-compaction-bytes-delays: 0, pending-compaction-bytes-stops: 0, total-delays: 0, total-stops: 0
Block cache LRUCache@000001B9DE49CF10#32652 capacity: 8.00 MB seed: 2108261376 usage: 3.23 KB table_size: 256 occupancy: 17 collections: 1 last_copies: 1 last_secs: 3.2e-05 secs_since: 0
Block cache entry stats(count,size,portion): DataBlock(6,0.72 KB,0.00879765%) IndexBlock(10,1.06 KB,0.0129938%) Misc(1,0.00 KB,0%)

** File Read Latency Histogram By Level [default] **
** Level 0 read latency histogram (micros):
Count: 5 Average: 85.8000  StdDev: 31.06
Min: 45  Median: 84.5000  Max: 121
Percentiles: P50: 84.50 P75: 105.75 P99: 121.00 P99.9: 121.00 P99.99: 121.00
------------------------------------------------------
(      34,      51 ]        1  20.000%  20.000% ####
(      51,      76 ]        1  20.000%  40.000% ####
(      76,     110 ]        2  40.000%  80.000% ########
(     110,     170 ]        1  20.000% 100.000% ####


** Compaction Stats [Configuration] **
Level    Files   Size     Score Read(GB)  Rn(GB) Rnp1(GB) Write(GB) Wnew(GB) Moved(GB) W-Amp Rd(MB/s) Wr(MB/s) Comp(sec) CompMergeCPU(sec) Comp(cnt) Avg(sec) KeyIn KeyDrop Rblob(GB) Wblob(GB)
------------------------------------------------------------------------------------------------------------------------------------------------------------------------------------------------
  L0      5/0    5.84 KB   0.5      0.0     0.0      0.0       0.0      0.0       0.0   1.0      0.0      0.4      0.00              0.00         1    0.003       0      0       0.0       0.0
 Sum      5/0    5.84 KB   0.0      0.0     0.0      0.0       0.0      0.0       0.0   1.0      0.0      0.4      0.00              0.00         1    0.003       0      0       0.0       0.0
 Int      0/0    0.00 KB   0.0      0.0     0.0      0.0       0.0      0.0       0.0   1.0      0.0      0.4      0.00              0.00         1    0.003       0      0       0.0       0.0

** Compaction Stats [Configuration] **
Priority    Files   Size     Score Read(GB)  Rn(GB) Rnp1(GB) Write(GB) Wnew(GB) Moved(GB) W-Amp Rd(MB/s) Wr(MB/s) Comp(sec) CompMergeCPU(sec) Comp(cnt) Avg(sec) KeyIn KeyDrop Rblob(GB) Wblob(GB)
---------------------------------------------------------------------------------------------------------------------------------------------------------------------------------------------------
User      0/0    0.00 KB   0.0      0.0     0.0      0.0       0.0      0.0       0.0   0.0      0.0      0.4      0.00              0.00         1    0.003       0      0       0.0       0.0

Blob file count: 0, total size: 0.0 GB, garbage size: 0.0 GB, space amp: 0.0

Uptime(secs): 0.0 total, 0.0 interval
Flush(GB): cumulative 0.000, interval 0.000
AddFile(GB): cumulative 0.000, interval 0.000
AddFile(Total Files): cumulative 0, interval 0
AddFile(L0 Files): cumulative 0, interval 0
AddFile(Keys): cumulative 0, interval 0
Cumulative compaction: 0.00 GB write, 0.02 MB/s write, 0.00 GB read, 0.00 MB/s read, 0.0 seconds
Interval compaction: 0.00 GB write, 0.02 MB/s write, 0.00 GB read, 0.00 MB/s read, 0.0 seconds
Write Stall (count): cf-l0-file-count-limit-delays-with-ongoing-compaction: 0, cf-l0-file-count-limit-stops-with-ongoing-compaction: 0, l0-file-count-limit-delays: 0, l0-file-count-limit-stops: 0, memtable-limit-delays: 0, memtable-limit-stops: 0, pending-compaction-bytes-delays: 0, pending-compaction-bytes-stops: 0, total-delays: 0, total-stops: 0
Block cache LRUCache@000001B9DE49CF10#32652 capacity: 8.00 MB seed: 2108261376 usage: 3.23 KB table_size: 256 occupancy: 17 collections: 1 last_copies: 1 last_secs: 3.2e-05 secs_since: 0
Block cache entry stats(count,size,portion): DataBlock(6,0.72 KB,0.00879765%) IndexBlock(10,1.06 KB,0.0129938%) Misc(1,0.00 KB,0%)

** File Read Latency Histogram By Level [Configuration] **
